22.8
22.0
0
21.94
22.8
22.0
0
21.94
22.8
22.0
0
21.87
22.8
22.0
0
21.87
22.8
22.0
0
21.94
22.8
22.0
0
21.94
22.8
22.0
0
21.87
22.8
22.0
0
21.94
22.7
22.0
0
21.94
22.6
22.0
0
21.94
22.5
22.0
0
21.87
22.5
22.0
0
21.94
22.5
22.0
0
21.94
22.5
22.0
0
21.94
22.4
22.0
0
21.94
22.5
22.0
0
21.94
22.5
22.0
0
21.94
22.4
22.0
0
21.94
22.4
22.0
0
21.94
22.4
22.0
0
21.94
22.5
22.0
0
21.94
22.5
22.0
0
21.94
22.5
22.0
0
21.94
22.4
22.0
0
21.94
22.4
22.0
0
21.94
22.4
22.0
0
21.94
22.4
22.0
0
21.94
22.4
22.0
0
21.94
22.5
22.0
0
21.94
22.6
22.0
0
21.94
22.5
22.0
0
21.94
22.4
22.0
0
21.94
22.2
22.0
0
21.94
22.1
22.0
0
21.94
22.0
22.0
0
21.94
22.0
22.0
0
21.94
22.1
22.0
0
21.94
22.0
22.0
0
21.94
22.0
22.0
0
21.94
21.9
22.0
0
21.94
21.9
22.0
0
21.94
21.9
22.1
0
21.94
21.9
22.0
0
21.94
22.0
22.0
0
21.94
22.2
22.1
0
21.94
22.1
22.0
0
21.94
22.2
22.1
0
21.94
22.2
22.0
0
21.94
22.3
22.0
0
21.94
22.3
22.0
0
21.94
22.3
22.0
0
21.94
22.3
22.0
0
21.94
22.3
22.0
0
21.94
22.3
22.0
0
21.94
22.4
22.0
0
21.94
22.5
22.1
0
21.94
22.5
22.0
0
21.87
22.6
22.0
0
21.87
22.7
22.1
0
21.87
22.7
22.0
0
21.87
22.8
22.0
0
21.87
22.8
22.0
0
21.87
22.9
22.0
0
21.87
23.0
22.0
0
21.94
23.1
22.0
0
21.87
23.2
22.0
0
21.87
23.0
22.0
0
21.87
22.9
22.0
0
21.87
22.8
22.0
0
21.87
22.8
22.0
0
21.87
22.7
22.0
0
21.87
22.7
22.0
0
21.87
22.7
22.0
0
21.87
22.6
22.0
0
21.94
22.5
22.0
0
21.87
22.4
22.0
0
21.94
22.4
22.1
0
21.94
22.4
22.0
0
21.94
22.5
22.0
0
21.94
22.7
22.1
0
21.87
22.7
22.0
0
21.94
22.7
22.0
0
21.87
22.8
22.1
0
21.94
22.8
22.0
0
21.87
22.7
22.0
0
21.87
22.8
22.1
0
21.87
22.7
22.0
0
21.87
22.6
22.0
0
21.87
22.7
22.1
0
21.87
22.5
22.0
0
21.87
22.5
22.1
0
21.87
22.4
22.0
0
21.87
22.5
22.1
0
21.87
22.5
22.1
0
21.87
22.5
22.0
0
21.87
22.6
22.1
0
21.87
22.5
22.0
0
21.87
22.6
22.1
0
21.87
22.6
22.0
0
21.87
22.7
22.1
0
21.87
22.7
22.0
0
21.87
22.8
22.1
0
21.87
22.7
22.0
0
21.87
22.7
22.1
0
21.87
22.7
22.1
0
21.87
22.6
22.1
0
21.87
22.6
22.1
0
21.87
22.5
22.0
0
21.87
22.6
22.1
0
21.87
22.6
22.1
0
21.87
22.5
22.1
0
21.87
22.5
22.1
0
21.94
22.5
22.1
0
21.87
22.4
22.1
0
21.87
22.2
22.0
0
21.87
22.2
22.1
0
21.87
22.1
22.1
0
21.87
22.2
22.1
0
21.87
22.2
22.1
0
21.87
22.2
22.1
0
21.87
22.1
22.1
0
21.87
22.2
22.1
0
21.94
22.1
22.1
0
21.87
22.1
22.1
0
21.87
22.1
22.1
0
21.94
22.1
22.1
0
21.94
22.1
22.1
0
21.87
22.2
22.1
0
21.87
22.3
22.1
0
21.87
22.3
22.1
0
21.87
22.3
22.1
0
21.87
22.3
22.1
0
21.87
22.3
22.1
0
21.87
22.3
22.1
0
21.94
22.3
22.1
0
21.87
22.2
22.1
0
21.87
22.3
22.1
0
21.87
22.3
22.1
0
21.87
22.4
22.1
0
21.87
22.4
22.1
0
21.87
22.4
22.1
0
21.87
22.4
22.1
0
21.87
22.3
22.1
0
21.87
22.3
22.1
0
21.87
22.4
22.1
0
21.87
22.6
22.1
0
21.87
22.8
22.1
0
21.87
22.8
22.1
0
21.87
22.9
22.1
0
21.87
23.0
22.1
0
21.87
23.0
22.1
0
21.87
23.1
22.1
0
21.87
23.1
22.1
0
21.87
23.1
22.1
0
21.87
23.1
22.1
0
21.87
23.1
22.1
0
21.87
23.1
22.1
0
21.87
23.0
22.1
0
21.87
23.0
22.1
0
21.87
23.0
22.1
0
21.87
22.9
22.1
0
21.87
22.9
22.1
0
21.87
22.9
22.1
0
21.87
22.9
22.1
0
21.87
22.8
22.1
0
21.87
22.9
22.1
0
21.87
22.9
22.1
0
21.87
22.9
22.1
0
21.87
22.9
22.1
0
21.87
22.9
22.1
0
21.87
22.9
22.1
0
21.87
22.9
22.1
0
21.87
23.0
22.1
0
21.87
23.0
22.1
0
21.87
23.0
22.1
0
21.87
23.1
22.1
0
21.87
23.0
22.1
0
21.87
22.9
22.1
0
21.87
22.9
22.1
0
21.87
22.9
22.1
0
21.87
22.8
22.1
0
21.87
22.8
22.1
0
21.87
22.7
22.1
0
21.87
22.7
22.1
0
21.87
22.7
22.1
0
21.87
22.7
22.1
0
21.87
22.8
22.1
0
21.87
22.8
22.1
0
21.87
22.8
22.1
0
21.87
22.7
22.1
0
21.87
22.7
22.1
0
21.87
22.7
22.1
0
21.87
22.7
22.1
0
21.87
22.7
22.1
0
21.87
22.8
22.1
0
21.87
22.9
22.1
0
21.87
22.9
22.1
0
21.87
23.0
22.1
0
21.87
23.1
22.1
0
21.87
23.2
22.1
0
21.87
23.2
22.1
0
21.87
23.2
22.1
0
21.87
23.2
22.1
0
21.87
23.3
22.1
0
21.87
23.3
22.1
0
21.87
23.3
22.1
0
21.87
23.2
22.1
0
21.87
23.5
22.1
0
21.87
24.1
22.1
0
21.87
24.7
22.2
0
21.87
24.9
22.1
0
21.87
25.0
22.2
0
21.87
24.8
22.1
0
21.87
24.6
22.1
0
21.87
24.5
22.1
0
21.87
24.4
22.1
0
21.87
24.3
22.1
0
21.87
24.3
22.1
0
21.87
24.3
22.1
0
21.87
24.3
22.1
0
21.87
24.2
22.1
0
21.87
24.1
22.1
0
21.87
24.0
22.1
0
21.87
23.8
22.1
0
21.87
23.7
22.1
0
21.87
23.8
22.1
0
21.87
23.9
22.2
0
21.87
23.9
22.1
0
21.87
23.9
22.1
0
21.87
24.0
22.1
0
21.87
24.0
22.1
0
21.87
24.1
22.1
0
21.87
24.1
22.1
0
21.87
23.9
22.1
0
21.87
23.8
22.1
0
21.87
23.8
22.1
0
21.87
23.8
22.1
0
21.87
23.8
22.1
0
21.87
23.9
22.1
0
21.87
23.8
22.1
0
21.87
23.7
22.1
0
21.87
23.7
22.1
0
21.87
23.8
22.1
0
21.87
23.8
22.1
0
21.87
23.8
22.1
0
21.81
23.8
22.1
0
21.81
23.8
22.1
0
21.81
23.8
22.1
0
21.81
23.8
22.1
0
21.81
23.8
22.0
0
21.81
23.9
22.1
0
21.81
23.8
22.1
0
21.81
23.7
22.1
0
21.81
23.6
22.1
0
21.81
23.5
22.0
0
21.81
23.5
22.1
0
21.81
23.5
22.1
0
21.81
23.5
22.1
0
21.81
23.5
22.1
0
21.81
23.5
22.1
0
21.81
23.5
22.1
0
21.81
23.7
22.1
0
21.81
23.9
22.1
0
21.81
24.0
22.1
0
21.81
24.1
22.1
0
21.81
24.1
22.1
0
21.81
